Sem_1 = 2897 + 0.0760267*Sem_1 + 0*Sem_2 +0*Sem_3 +.... = 0
Sem_2 = 0.847947*Sem_1 + 0.147102*Sem_2 + 0*Sem_3 +.... = 0
Sem_3 = 0*Sem_1 + 0.705795*Sem_2 + 0.209138*Sem_3 +.... = 0
....